order_id,order_date,customer_id,channel,country,items,order_value,discount,is_return
938484,2025-12-11,33079,web,GB,3,17.4132492853701,0.08014861786092659,0
938485,2025-12-11,36649,partner,DE,3,30.56397015764446,0.14595426328393077,0
938486,2025-12-11,38246,web,GB,3,9.50734347409145,0.046091153153302374,0
938487,2025-12-11,33978,mobile,US,1,25.948796752546944,0.2800784161187218,0
938488,2025-12-11,29429,mobile,US,1,12.090147485335361,0.19336607887850157,1
938489,2025-12-11,2812,web,AU,4,30.771016520642654,0.1344597087756131,0
938490,2025-12-11,5163,mobile,US,2,16.403040875795924,0.5375953778621871,0
938491,2025-12-11,20998,mobile,GB,1,38.61643643842528,0.027571642413491852,0
938492,2025-12-11,28557,web,CA,1,49.90156065551921,0.11768069026599663,0
938493,2025-12-11,14811,mobile,US,5,17.85080297178506,0.1351409693891446,0
938494,2025-12-11,30980,partner,US,6,49.20297349872239,0.2652651377411281,0
938495,2025-12-11,41616,web,US,3,13.411031469824652,0.2996217410264081,0
938496,2025-12-11,4588,mobile,US,3,40.61269731434444,0.07498871360398694,0
938497,2025-12-11,37379,web,US,3,30.869477563624407,0.09095778847006206,0
938498,2025-12-11,11483,web,GB,5,35.00317998975124,0.31245944258210273,0
938499,2025-12-11,43728,store,CA,2,16.527554924097995,0.19122378170965237,0
938500,2025-12-11,28082,mobile,US,4,45.550610213555096,0.12542418958142937,0
938501,2025-12-11,26425,mobile,AU,4,19.488972554784777,0.4482483392512831,0
938502,2025-12-11,42050,web,US,3,14.494667170317415,0.3957617033798664,1
938503,2025-12-11,18961,mobile,US,3,35.4029988053085,0.04575559304900451,0
938504,2025-12-11,43208,store,US,2,50.17222777272033,0.17174235083491116,0
938505,2025-12-11,18977,mobile,US,1,47.14832628727277,0.18631226860470637,0
938506,2025-12-11,11844,store,GB,5,8.417543760449663,0.16846605463182032,0
938507,2025-12-11,224,web,DE,4,48.570112621807276,0.15401050641383243,0
938508,2025-12-11,1382,mobile,CA,3,19.723902823590393,0.12802277118817001,0
938509,2025-12-11,46224,mobile,US,3,47.61923725317039,0.3088919512397779,0
938510,2025-12-11,937,mobile,US,3,13.463756481017024,0.19382936783515017,0
938511,2025-12-11,7353,mobile,US,1,30.627527120756323,0.07775916023974543,0
938512,2025-12-11,41811,mobile,US,3,24.74181849295726,0.08198293476776136,0
938513,2025-12-11,2799,web,GB,6,28.276992930165413,0.2701220548959288,0
938514,2025-12-11,10951,mobile,US,3,49.964238893024344,0.35923425376531687,0
938515,2025-12-11,31693,web,US,6,18.819476899197866,0.3025728278992826,0
938516,2025-12-11,12385,web,US,3,41.23832333036993,0.062269784892428896,0
938517,2025-12-11,47811,partner,US,2,8.662087715112634,0.06779223544989972,0
938518,2025-12-11,25677,web,US,1,49.97914196790977,0.10690136007756365,0
938519,2025-12-11,6676,web,US,3,15.905176216240648,0.12128708883049143,0
938520,2025-12-11,13751,mobile,US,3,17.022258223221343,0.24983906258056754,0
938521,2025-12-11,14251,web,CA,2,28.59348239371182,0.14621597126587793,0
938522,2025-12-11,28214,web,US,3,24.238064037858408,0.14080334952619153,0
938523,2025-12-11,47958,mobile,CA,5,14.684027560155045,0.18790668092805493,0
938524,2025-12-11,44279,web,US,2,12.789400225684442,0.2654538223422475,0
938525,2025-12-11,35824,mobile,US,5,15.084159906057591,0.5612918154879478,0
938526,2025-12-11,46568,partner,US,4,27.526656951737657,0.10285628538966651,0
938527,2025-12-11,41665,mobile,US,5,12.159881434926037,0.14227436049237957,0
938528,2025-12-11,10092,mobile,US,3,42.75637957479166,0.1820805383742259,0
938529,2025-12-11,48283,web,DE,2,22.27990900979467,0.29188638633181624,0
938530,2025-12-11,46915,mobile,AU,4,23.81774792657117,0.7056921106942514,0
938531,2025-12-11,26478,web,CA,1,23.542138945707624,0.09510444316527214,0
938532,2025-12-11,15836,mobile,US,2,77.6535762193169,0.15041517942074567,0
938533,2025-12-11,27326,partner,US,1,16.69651434258922,0.23086537546453925,0
938534,2025-12-11,421,web,US,3,12.814199825689428,0.15271404095763458,0
938535,2025-12-11,37785,web,US,4,14.912574943698438,0.6117906098570662,1
938536,2025-12-11,45918,web,US,4,14.341530959622608,0.12142212872472376,0
938537,2025-12-11,22850,mobile,US,5,43.57131477892304,0.04399795026783299,0
938538,2025-12-11,37252,web,US,3,11.207673885758107,0.15458711730037653,0
938539,2025-12-11,12245,web,AU,1,31.86693995040991,0.07688875081149982,0
938540,2025-12-11,32911,web,DE,5,17.02071431933069,0.33175473897126556,0
938541,2025-12-11,19102,web,US,2,11.297626353490813,0.12642813236515646,0
938542,2025-12-11,20547,web,US,5,20.61593797383454,0.12701712606920731,0
938543,2025-12-11,2544,mobile,US,2,8.831428391589656,0.14995125888656605,0
938544,2025-12-11,39740,store,CA,1,54.87070177966903,0.3667963824618684,0
938545,2025-12-11,32129,mobile,CA,3,18.31053419893118,0.1073396898611218,0
938546,2025-12-11,5445,web,DE,2,25.947116298564936,0.20113644222439422,0
938547,2025-12-11,6033,mobile,DE,1,42.22531625458307,0.19726002935396147,0
938548,2025-12-11,30861,mobile,US,3,25.53667187467974,0.3198839803720636,0
938549,2025-12-11,17513,mobile,US,2,15.997688642688644,0.08732719613738221,0
938550,2025-12-11,36916,mobile,US,3,74.49546805011326,0.24974529236999848,0
938551,2025-12-11,49398,mobile,US,2,15.343316868393796,0.3368173659057995,0
938552,2025-12-11,10524,mobile,DE,3,54.31038249142862,0.18194972577760202,0
938553,2025-12-11,2872,partner,US,2,12.63777337452161,0.18428860901050764,0
938554,2025-12-11,47463,web,US,3,26.853493075380136,0.406295642446531,0
938555,2025-12-11,2819,web,CA,2,15.849405179529551,0.3358340467587409,0
938556,2025-12-11,15360,web,GB,3,22.79849606202708,0.23109535563152575,0
938557,2025-12-11,24885,partner,CA,2,24.528258282322767,0.13260713145024458,1
938558,2025-12-11,5571,web,US,3,61.76323633735003,0.060042502999670615,0
938559,2025-12-11,31822,web,US,6,16.550020006243003,0.1876385575646998,0
938560,2025-12-11,7011,web,US,2,21.72160307339017,0.2611373377238356,0
938561,2025-12-11,300,partner,DE,2,8.449028242003248,0.0829941712365609,0
938562,2025-12-11,38612,web,CA,5,13.212581546475828,0.1931125857223681,0
938563,2025-12-11,20987,store,US,2,26.083861429918134,0.41107224660566943,0
938564,2025-12-11,9432,mobile,DE,2,16.464722657605734,0.11496007978948682,1
938565,2025-12-11,41028,mobile,US,4,9.505636289052461,0.23145952391668728,0
938566,2025-12-11,36844,web,US,3,18.79045283434599,0.04712090700127282,0
938567,2025-12-11,17261,mobile,DE,4,34.2555966344399,0.19811607928072814,0
938568,2025-12-11,29470,mobile,US,3,19.557808133402446,0.38614041231541,0
938569,2025-12-11,4990,mobile,US,2,9.116617880076861,0.10984426136519403,0
938570,2025-12-11,3274,web,DE,1,19.428265299630223,0.18299040940632127,0
938571,2025-12-11,10657,web,US,5,37.59327057543644,0.04055496735131692,0
938572,2025-12-11,32078,web,US,3,23.58675304624354,0.16406575352516775,0
938573,2025-12-11,47695,mobile,US,5,9.281679584957502,0.3147588333404022,0
938574,2025-12-11,24708,store,US,1,15.710281011700012,0.16985779082991825,0
938575,2025-12-11,35745,web,US,1,34.511741906404104,0.15443789744424286,0
938576,2025-12-11,15783,web,US,4,14.993999779731519,0.05449646271046469,0
938577,2025-12-11,29918,partner,DE,4,18.40358518520588,0.24924532458253515,0
938578,2025-12-11,35617,mobile,US,4,76.92419768329349,0.05459689017384112,0
938579,2025-12-11,43986,mobile,US,1,23.056098714678264,0.09255249321209315,0
938580,2025-12-11,993,web,US,1,22.00708171867432,0.26754459349375,0
938581,2025-12-11,20083,web,US,6,54.85448676800351,0.2748445165243966,0
938582,2025-12-11,31891,mobile,US,3,14.464422426880803,0.27149064462540934,0
938583,2025-12-11,49231,mobile,AU,3,40.12298211057921,0.13903197454254243,0
938584,2025-12-11,36603,mobile,US,3,30.01623714309482,0.1560013673209471,1
938585,2025-12-11,27011,store,DE,3,20.52305472095707,0.0525923914979994,0
938586,2025-12-11,31327,web,US,1,51.64346311924684,0.12093545820872165,0
938587,2025-12-11,38065,store,US,3,29.538797854635874,0.3127217742474621,0
938588,2025-12-11,1136,partner,AU,4,21.089042687005513,0.28938079704690506,0
938589,2025-12-11,20571,store,US,5,39.5925320934283,0.17156349936189633,0
938590,2025-12-11,21504,web,US,5,21.10602399460348,0.23959678694115655,1
938591,2025-12-11,2997,mobile,US,2,20.35503865489587,0.13333022035670158,0
938592,2025-12-11,23909,web,GB,5,14.012527165937428,0.05823315229582551,0
938593,2025-12-11,2899,web,AU,4,46.80172910301612,0.046178758110428444,0
938594,2025-12-11,16413,partner,US,3,25.684658043290998,0.1842849172552425,0
938595,2025-12-11,37390,web,US,3,28.429605737439523,0.3649231275421253,0
938596,2025-12-11,21804,mobile,CA,3,7.140697341458671,0.13647368127941703,0
938597,2025-12-11,34134,mobile,AU,2,32.94890981738877,0.14282241211775598,1
938598,2025-12-11,45629,mobile,US,5,12.539152807137949,0.1739989945367383,0
938599,2025-12-11,13332,partner,AU,4,8.850845466631943,0.1056769607001601,0
938600,2025-12-11,23910,mobile,US,2,22.792410772575316,0.07022699687068225,0
938601,2025-12-11,13217,partner,US,3,35.59202675431468,0.10275200374432232,0
938602,2025-12-11,25928,mobile,US,2,22.053825890112602,0.3840349978144982,1
938603,2025-12-11,48148,web,US,3,23.98300398051833,0.11520652211692264,0
938604,2025-12-11,16153,mobile,US,5,37.625756140021075,0.1859462981799883,0
938605,2025-12-11,3615,mobile,US,2,16.271075836049175,0.1309185384460401,0
938606,2025-12-11,5941,mobile,US,4,29.515348221403517,0.5100994086737428,0
938607,2025-12-11,28718,mobile,CA,2,34.11788542266232,0.2182817485527175,0
938608,2025-12-11,21102,web,GB,1,20.61094028882307,0.4293438689676555,0
938609,2025-12-11,32300,mobile,AU,3,27.35042677255406,0.04154932330193474,0
938610,2025-12-11,33020,mobile,US,4,27.797594365126606,0.13438966787862497,0
938611,2025-12-11,15255,mobile,CA,4,13.335795872472035,0.019820937913571344,0
938612,2025-12-11,37581,web,US,3,14.303161471160182,0.286949332840901,1
938613,2025-12-11,24977,partner,US,7,21.94065360313987,0.05792441100324016,0
938614,2025-12-11,33759,web,US,2,67.62231889124479,0.14512354179691836,0
938615,2025-12-11,20363,partner,US,7,24.72673603298,0.1453683549729154,0
938616,2025-12-11,34885,web,GB,5,13.953208139650231,0.19125859673903767,0
938617,2025-12-11,41013,mobile,US,4,12.356360772009447,0.11990676040994187,0
938618,2025-12-11,48665,mobile,CA,3,30.397677865054426,0.3114174908596602,0
938619,2025-12-11,28994,mobile,CA,1,21.483662545100056,0.23961189862603588,0
938620,2025-12-11,37516,mobile,US,4,32.6417535452251,0.13394560190005744,1
938621,2025-12-11,24220,store,US,2,17.780516322005017,0.3971928056592038,0
938622,2025-12-11,12734,web,US,4,30.261200618462595,0.07927321511488396,1
938623,2025-12-11,3889,partner,US,4,18.93401528233899,0.09412690019734485,0
938624,2025-12-11,44499,store,US,4,18.34895039716301,0.23558181921898058,0
938625,2025-12-11,23774,store,US,4,58.64073119289273,0.09327388780248111,0
938626,2025-12-11,3919,store,CA,1,30.401154005435757,0.21025239773961726,0
938627,2025-12-11,24613,web,US,5,29.77503298498217,0.3792792321236456,0
938628,2025-12-11,27009,web,AU,2,26.65065363554553,0.240552749003952,0
938629,2025-12-11,20634,partner,US,4,19.97852496091287,0.20105165693260224,1
938630,2025-12-11,41919,web,US,2,40.66335379258314,0.4579210656307347,0
938631,2025-12-11,33535,web,GB,2,39.69384720995466,0.1366025566185304,0
938632,2025-12-11,43616,web,DE,2,10.986251233826037,0.2261988655803352,0
938633,2025-12-11,1551,mobile,US,2,31.29330157722875,0.061398804228838415,1
938634,2025-12-11,38417,web,US,3,20.945288439629746,0.18117230353707145,1
938635,2025-12-11,29911,mobile,GB,5,33.63306801080571,0.2817691888199132,0
938636,2025-12-11,34096,mobile,GB,2,17.640637394398958,0.08150976368382316,0
938637,2025-12-11,40853,mobile,US,1,25.69605870274067,0.14569416225923146,0
938638,2025-12-11,25325,web,US,3,32.74867323707967,0.16386424534389277,0
938639,2025-12-11,9018,mobile,US,3,13.082660048295535,0.2758282674197945,0
938640,2025-12-11,6982,web,US,7,14.55554710000825,0.28633220290226896,0
938641,2025-12-11,33496,mobile,DE,4,20.60724653872496,0.13069693516164596,0
938642,2025-12-11,23146,mobile,US,2,32.740966093031105,0.11450626504384816,0
938643,2025-12-11,35736,mobile,DE,2,11.14634971112174,0.17410129254448325,0
938644,2025-12-11,4437,web,CA,3,31.42926305478148,0.0796378594677692,0
938645,2025-12-11,38809,store,US,2,29.25744874997971,0.01752300209687701,0
938646,2025-12-11,12437,web,US,3,58.73216823842551,0.04564712684120869,0
938647,2025-12-11,17614,partner,US,4,36.09897344128846,0.13025752756284245,0
938648,2025-12-11,17935,mobile,US,7,52.06155794478719,0.1070323300124416,0
938649,2025-12-11,31612,mobile,US,6,32.233734226737496,0.052000090717868,0
938650,2025-12-11,49205,mobile,CA,3,9.20744462530281,0.26273430501438205,0
938651,2025-12-11,13185,mobile,US,4,19.423354859599012,0.4598690763656629,0
938652,2025-12-11,45559,mobile,US,3,19.839450009055998,0.2840523724630291,0
938653,2025-12-11,21691,web,US,2,49.117545326343,0.15433217843645022,0
938654,2025-12-11,44965,web,US,1,12.973542398309968,0.026563337020205923,0
938655,2025-12-11,24416,web,US,2,25.304837242640968,0.19549486330680826,0
938656,2025-12-11,32900,mobile,CA,4,16.17735237333934,0.1457053493490506,0
938657,2025-12-11,27242,mobile,US,5,8.345728896901429,0.07648791480795104,0
938658,2025-12-11,40948,mobile,US,2,17.342314176050017,0.02655522666726368,0
938659,2025-12-11,42109,web,US,2,18.159824777487866,0.0923940785603725,0
938660,2025-12-11,4055,mobile,US,2,20.356856360646304,0.022110523650925824,0
938661,2025-12-11,18190,web,US,3,11.476818748130654,0.10342101561163657,1
938662,2025-12-11,39575,mobile,US,4,37.9238167459498,0.11007454341222198,0
938663,2025-12-11,31115,web,US,4,15.723533671222684,0.2850488327795934,0
938664,2025-12-11,12451,web,CA,3,36.37455618433326,0.16135864106863806,1
938665,2025-12-11,73,web,US,7,21.938815411591783,0.45208923729196065,0
938666,2025-12-11,44121,partner,DE,3,31.561269437865842,0.2627056833104369,0
938667,2025-12-11,31709,web,DE,5,40.11314507352285,0.10094287563491057,0
938668,2025-12-11,30284,web,US,6,13.494992053517734,0.09108921179415154,0
938669,2025-12-11,33936,partner,AU,3,12.048016147736904,0.22411148398585623,1
938670,2025-12-11,30473,mobile,US,4,20.818154047140055,0.14274408116190387,0
938671,2025-12-11,40651,mobile,CA,5,25.707787171714887,0.37025940448779093,0
938672,2025-12-11,22879,web,US,1,23.380259554032822,0.4147876796423888,0
938673,2025-12-11,33814,web,US,2,28.607512145117173,0.10241669580889236,0
938674,2025-12-11,47029,web,GB,1,14.75409617425845,0.18338952292786284,0
938675,2025-12-11,3183,store,CA,2,30.799256707415736,0.21052152776931868,0
938676,2025-12-11,39164,mobile,DE,3,12.58896728634395,0.23559732929482463,0
938677,2025-12-11,45661,web,US,1,31.723114990401953,0.14467118850739075,0
938678,2025-12-11,36580,web,AU,4,73.14061204838916,0.42693108425558685,0
938679,2025-12-11,41677,web,US,2,18.980064278082082,0.2818433626069748,0
938680,2025-12-11,30283,web,US,3,42.439496350705355,0.4663791376227204,0
938681,2025-12-11,48180,store,US,2,21.121463232422073,0.3564379305498604,1
938682,2025-12-11,24001,mobile,US,2,29.05948391674584,0.1314166270643642,0
938683,2025-12-11,34274,web,DE,1,39.247424238807554,0.30557198547400594,0
938684,2025-12-11,10537,store,CA,3,44.55963334847878,0.11346384296227609,0
938685,2025-12-11,17089,web,US,6,23.23804441336419,0.07082783081445905,0
938686,2025-12-11,40761,mobile,CA,4,23.038198195541824,0.15356303525430348,0
938687,2025-12-11,31388,mobile,US,5,7.412712122988693,0.05335601547301956,1
938688,2025-12-11,41018,mobile,AU,4,34.50159458643624,0.1382371573901393,0
938689,2025-12-11,8762,web,GB,8,27.72688408772463,0.20849471683355575,0
938690,2025-12-11,26864,partner,US,3,13.354231351248602,0.07512536858605653,0
938691,2025-12-11,16965,mobile,AU,4,34.01682092053243,0.08686589586162297,0
938692,2025-12-11,25219,mobile,GB,5,38.74239666072001,0.0409629274996175,0
938693,2025-12-11,40018,web,US,3,26.898686920418978,0.2885617830983008,0
938694,2025-12-11,8832,web,US,3,38.95107670169016,0.25028787933032254,0
938695,2025-12-11,38758,mobile,US,4,19.11009463996981,0.11197688938265739,0
938696,2025-12-11,33520,mobile,DE,3,27.391675721136114,0.2258099093568188,0
938697,2025-12-11,32927,web,US,1,6.9387994483004904,0.28597679568463125,1
938698,2025-12-11,29712,web,US,4,22.559817661066933,0.023524355391054557,0
938699,2025-12-11,1554,web,DE,3,21.849739512810608,0.34861133385759724,0
938700,2025-12-11,9055,web,US,1,42.1535013494004,0.3331699725895788,0
938701,2025-12-11,16416,mobile,US,6,10.907333402883681,0.1846023862189279,1
938702,2025-12-11,5819,mobile,US,1,34.56427172509218,0.23218288274101886,0
938703,2025-12-11,392,web,US,1,36.17577002037894,0.32690019586541447,1
938704,2025-12-11,9045,web,US,6,36.23680951830717,0.07439518838476186,0
938705,2025-12-11,37541,store,US,3,13.135110269638268,0.06683729110250922,0
938706,2025-12-11,18108,mobile,US,4,26.48690661892604,0.06525486089526765,0
938707,2025-12-11,26208,partner,US,4,17.722222393606554,0.07277775753761663,0
938708,2025-12-11,41857,mobile,US,4,50.059741032173825,0.26101024529397554,0
938709,2025-12-11,37849,partner,US,1,40.371952728211845,0.19809948098970337,1
938710,2025-12-11,44104,web,US,2,40.87866629898658,0.163351381056702,0
938711,2025-12-11,39672,web,AU,2,68.30724543460471,0.2752129223056884,0
938712,2025-12-11,3392,web,CA,6,35.22615675103922,0.36759216946493534,0
938713,2025-12-11,33989,mobile,US,4,18.24405678465144,0.1033815368662159,1
938714,2025-12-11,5287,partner,US,3,30.665296594664767,0.1481027281680571,1
938715,2025-12-11,22565,store,US,4,17.5955008467373,0.0689646503303476,0
938716,2025-12-11,33808,mobile,US,2,38.16144359371078,0.18149303456596047,0
938717,2025-12-11,31817,mobile,US,4,37.8530077699269,0.09115811804241873,0
938718,2025-12-11,372,mobile,GB,2,13.036501682273663,0.07053753643484839,0
938719,2025-12-11,35812,mobile,GB,4,31.366419074404583,0.27594329245390653,0
938720,2025-12-11,45991,web,DE,2,19.812360541096247,0.2684013235051214,0
938721,2025-12-11,22833,mobile,US,2,14.392406990684181,0.17920894996896766,0
938722,2025-12-11,6163,partner,US,3,23.52348736871024,0.2830132938171362,0
938723,2025-12-11,384,mobile,US,4,61.97250312230236,0.3082183511847888,0
938724,2025-12-11,7868,partner,US,4,14.74203517801815,0.28973120250818535,1
938725,2025-12-11,11051,partner,GB,2,13.529553738750181,0.10126277079783734,1
938726,2025-12-11,44161,web,US,4,8.351359772256277,0.1979943859034763,0
938727,2025-12-11,38643,web,GB,4,12.385323575978981,0.20275121292273082,0
938728,2025-12-11,4647,partner,GB,1,67.27317940395383,0.10307147439650732,0
938729,2025-12-11,35015,web,US,3,19.399564863358943,0.16250516848972876,0
938730,2025-12-11,20484,web,US,3,28.00579367099018,0.2146263558250225,0
938731,2025-12-11,26029,mobile,CA,4,25.586090329521056,0.16080954760985067,1
938732,2025-12-11,24567,web,US,3,14.951476872312156,0.05677179210787153,0
938733,2025-12-11,15350,web,CA,4,12.02101810778187,0.21399059401179293,1
938734,2025-12-11,28766,mobile,US,4,15.403210502510188,0.32110779455913874,0
938735,2025-12-11,9035,mobile,US,5,33.51133454795804,0.361810541061505,0
938736,2025-12-11,24124,web,AU,2,15.789346189212331,0.40690021277908256,0
938737,2025-12-11,48583,web,US,3,32.11775259837087,0.1481744432512696,0
938738,2025-12-11,40286,web,US,3,18.939668046970194,0.6057073650668504,0
938739,2025-12-11,25811,mobile,DE,2,19.78103031690357,0.44280755760230356,0
938740,2025-12-11,37750,web,US,3,23.902286084275914,0.0775020665450762,0
938741,2025-12-11,31991,web,US,2,27.211150000626628,0.1601188050486457,0
938742,2025-12-11,22014,web,CA,3,23.075856191178705,0.19105896334505612,0
938743,2025-12-11,38678,web,US,3,20.965999817003986,0.32592265483304333,0
938744,2025-12-11,21629,web,US,1,23.656484644494682,0.20385156673299304,0
938745,2025-12-11,32350,partner,AU,2,15.233491733091933,0.013868679997990923,0
938746,2025-12-11,15681,mobile,US,3,22.5501355592289,0.12432286534178388,0
938747,2025-12-11,21784,web,US,1,17.814623390559063,0.2698744152500622,0
938748,2025-12-11,9519,web,US,4,12.260418349678327,0.05066402097024585,0
938749,2025-12-11,11196,mobile,US,2,9.076793926826413,0.3012417748757102,0
938750,2025-12-11,19589,web,AU,1,33.43469874392348,0.3369586927620379,0
938751,2025-12-11,37853,web,US,7,26.775681457164808,0.1736158071487204,0
938752,2025-12-11,26597,mobile,US,3,44.56186625125793,0.09630017152984688,0
938753,2025-12-11,33484,mobile,US,2,13.870796260433076,0.07305121454460552,0
938754,2025-12-11,4646,store,US,3,7.176153787592549,0.06660233024647742,0
938755,2025-12-11,38441,mobile,US,5,28.02396943306268,0.18217407217919396,0
938756,2025-12-11,26513,web,US,1,8.95257346703757,0.1016040532083267,0
938757,2025-12-11,5553,partner,US,3,33.45732828760253,0.3200190497029023,0
938758,2025-12-11,40965,web,US,1,47.49224027640706,0.2459582810745385,0
938759,2025-12-11,47777,web,US,3,23.387484894401542,0.07212889937442891,0
938760,2025-12-11,40463,store,US,3,19.50915339514818,0.20381925023945438,0
938761,2025-12-11,23805,store,US,4,33.184403946241524,0.03147501816479215,0
938762,2025-12-11,4935,mobile,GB,4,7.482269614540183,0.13804587095121365,0
938763,2025-12-11,16291,partner,GB,1,29.989494431783363,0.06210142432160153,0
938764,2025-12-11,48114,mobile,US,2,15.15555837130348,0.07734356573608718,0
938765,2025-12-11,5769,partner,US,6,11.763469189794147,0.16000075180886095,0
938766,2025-12-11,24149,web,CA,5,26.994352430182445,0.2757146888132033,0
938767,2025-12-11,11526,web,US,1,37.619373365589865,0.09496600095861002,0
938768,2025-12-11,3960,store,US,4,12.782265933410983,0.16815490158722932,0
938769,2025-12-11,18838,mobile,US,3,13.264477407964405,0.18396676648772362,0
938770,2025-12-11,23883,mobile,US,4,46.742427192941335,0.22411614324898563,1
938771,2025-12-11,27061,partner,AU,2,17.2337560015865,0.056251175945636105,0
938772,2025-12-11,37229,mobile,DE,1,24.742162443649672,0.22874454343623896,0
938773,2025-12-11,2945,web,GB,1,15.410336130917,0.2594152443041323,0
938774,2025-12-11,28830,mobile,US,4,28.239877266443948,0.27402133351178176,0
938775,2025-12-11,8446,web,US,1,24.97703919893322,0.08968178342667961,0
938776,2025-12-11,12407,mobile,US,5,26.21554893125348,0.4156237258408746,0
938777,2025-12-11,27398,web,US,4,20.532505172705804,0.4973431859309485,0
938778,2025-12-11,5180,web,US,4,20.266634716819667,0.3336690014451391,0
938779,2025-12-11,34699,mobile,CA,3,14.21121480972253,0.20829566788143983,0
938780,2025-12-11,14491,store,US,3,14.600356207010604,0.15303135247895588,0
938781,2025-12-11,38783,web,US,4,9.528834741673512,0.1494827783132276,0
938782,2025-12-11,7643,web,US,3,14.457603626869615,0.30956137461918887,0
938783,2025-12-11,12320,mobile,US,4,17.058873287874793,0.26685760851786255,0
938784,2025-12-11,41260,mobile,US,3,18.622848492730114,0.5141405914371404,0
938785,2025-12-11,18263,mobile,AU,1,30.852908602692093,0.289168922379622,0
938786,2025-12-11,2600,web,US,4,23.434280905647007,0.11933802414473316,0
938787,2025-12-11,60,partner,AU,3,14.95628630289354,0.16333080274769457,0
938788,2025-12-11,23764,web,AU,1,10.916049303195633,0.1944025910617367,0
938789,2025-12-11,25621,web,US,4,13.085776680917787,0.12282356708199262,0
938790,2025-12-11,49917,mobile,US,3,31.010024542960863,0.2860111224214541,0
938791,2025-12-11,40915,mobile,DE,4,22.657954367570113,0.18942046639241125,0
938792,2025-12-11,554,web,US,4,33.13781413506986,0.15068313879497075,0
938793,2025-12-11,16912,mobile,US,5,56.89561717327354,0.11646415522406876,0
938794,2025-12-11,43387,mobile,US,4,27.24102138435014,0.20392951227147668,0
938795,2025-12-11,45364,partner,US,2,27.42777137411699,0.19529330617539525,0
938796,2025-12-11,10184,mobile,US,2,13.277377620243913,0.3870742504768549,0
938797,2025-12-11,13594,web,US,3,56.35190847699144,0.07891994922351744,1
938798,2025-12-11,47111,store,US,5,9.862374775658074,0.12581642868304535,0
938799,2025-12-11,18173,mobile,US,3,36.379497832165086,0.16162607385246777,0
938800,2025-12-11,31038,store,US,4,12.678327408425867,0.15334779539140367,0
938801,2025-12-11,40332,partner,CA,5,23.193710320067577,0.024982344559314223,0
938802,2025-12-11,17591,web,AU,2,24.923056180619337,0.3450313111354716,0
938803,2025-12-11,13809,mobile,US,3,37.95807585318778,0.27953935270883234,0
938804,2025-12-11,31324,web,US,4,48.55159820476132,0.017119607437093863,0
938805,2025-12-11,19616,partner,US,4,51.99237345612707,0.1963438592151632,0
938806,2025-12-11,6050,store,US,1,52.56247128012659,0.0899561017440739,0
938807,2025-12-11,36151,partner,US,2,45.05468209983761,0.09516316791704696,0
938808,2025-12-11,38482,mobile,US,5,17.190794146782903,0.12741532698045477,0
938809,2025-12-11,20821,mobile,US,3,23.734081642019067,0.17034498696193617,0
938810,2025-12-11,5926,mobile,US,3,15.649636473482275,0.08907862438862937,0
938811,2025-12-11,42115,mobile,AU,6,23.3545280844546,0.07008835577861235,0
938812,2025-12-11,33908,web,DE,2,10.352370064202358,0.11568135367366425,0
938813,2025-12-11,49017,mobile,US,1,64.85823425501549,0.09497162625292169,0
938814,2025-12-11,49956,mobile,AU,4,12.111028698112388,0.43618566658348196,0
938815,2025-12-11,23488,mobile,DE,2,31.937781235049385,0.11767906579393221,0
938816,2025-12-11,34381,web,US,3,11.73539742034419,0.22652693917439132,0
938817,2025-12-11,46342,web,GB,2,35.3298774524655,0.5200574728234115,0
938818,2025-12-11,9493,store,US,3,20.398287702594978,0.20724601552198554,0
938819,2025-12-11,9633,web,GB,1,13.72481188849696,0.16213633831957872,0
938820,2025-12-11,46031,mobile,US,5,17.148856747128963,0.4436574994277731,0
938821,2025-12-11,29946,web,US,2,43.53808370051024,0.020959161493311267,0
938822,2025-12-11,12928,web,CA,3,48.96292902260286,0.07369181118946086,0
938823,2025-12-11,5386,partner,US,3,13.525521825605592,0.42229231714324045,0
938824,2025-12-11,6261,mobile,US,2,107.23957232068592,0.15031132143508716,0
938825,2025-12-11,16877,web,US,2,28.16143079023685,0.2021975268361367,0
938826,2025-12-11,15474,web,US,5,15.89148458909053,0.164251641326123,0
938827,2025-12-11,12681,partner,US,1,28.967694245122797,0.3165335608767344,0
938828,2025-12-11,38110,web,US,4,38.09699031860111,0.19919310531007828,0
938829,2025-12-11,26893,web,US,5,41.029662512563554,0.20099869720258842,0
938830,2025-12-11,45564,mobile,US,3,19.834212316578167,0.28734978485993146,0
938831,2025-12-11,2607,mobile,US,6,18.657879764805283,0.1112493707972144,0
938832,2025-12-11,44613,partner,US,5,34.269976397730204,0.10017797160875232,0
938833,2025-12-11,4156,mobile,GB,2,16.081409247697774,0.17815825734227417,0
938834,2025-12-11,43784,web,GB,3,26.48260602228461,0.19312975808034447,0
938835,2025-12-11,46586,mobile,US,2,33.10125147933405,0.30428501273222497,0
938836,2025-12-11,22247,partner,DE,2,10.632732203229464,0.0655412155263772,0
938837,2025-12-11,39924,web,DE,4,17.77716719483705,0.24090941663806525,0
938838,2025-12-11,46386,mobile,CA,4,10.82821222871141,0.07346010159504125,0
938839,2025-12-11,37743,store,US,4,17.924247897357617,0.3413593853660772,0
938840,2025-12-11,8278,partner,US,2,18.91512047600831,0.03713105411034467,0
938841,2025-12-11,26871,mobile,AU,5,14.474451088064788,0.054428371009448834,0
938842,2025-12-11,25049,web,US,3,16.935462038916278,0.14836520542611265,0
938843,2025-12-11,17436,web,DE,1,18.023926129271153,0.30727083881179956,0
938844,2025-12-11,45333,mobile,US,3,23.23265282609266,0.17100551402089523,0
938845,2025-12-11,31294,store,AU,4,7.722571253399336,0.09293198616725536,0
938846,2025-12-11,38691,web,GB,1,18.486746366848898,0.14759509994567463,0
938847,2025-12-11,8094,web,US,3,21.770476677633653,0.34059723736970227,0
938848,2025-12-11,47333,mobile,US,3,63.696427532400186,0.0741200747843838,0
938849,2025-12-11,30506,partner,GB,3,9.18438862554819,0.10097516988018992,0
938850,2025-12-11,9466,web,GB,2,67.20727402074414,0.2575759359763871,0
938851,2025-12-11,46733,mobile,US,3,11.414078620708674,0.20907174041677454,0
938852,2025-12-11,31806,web,US,2,34.34977348279027,0.156370339255658,0
938853,2025-12-11,15307,mobile,CA,4,28.950746190447216,0.1772900910487494,0
938854,2025-12-11,14162,mobile,US,2,57.06787807759382,0.22857240468922738,0
938855,2025-12-11,35426,partner,DE,4,22.34394290911984,0.14631897458655824,0
938856,2025-12-11,18470,mobile,US,4,35.50416622790293,0.06182142516304711,0
938857,2025-12-11,30896,web,US,4,33.950254266210486,0.08114559878716347,0
938858,2025-12-11,22114,mobile,AU,3,45.26376924856387,0.05506983315809254,0
938859,2025-12-11,9935,web,US,3,22.175883139560185,0.10023234752852453,0
938860,2025-12-11,35108,web,US,5,32.61890555199199,0.3913510518673371,0
938861,2025-12-11,14486,web,US,3,18.432093275013504,0.10116644359878278,0
938862,2025-12-11,37520,web,AU,3,22.91423464794054,0.08438762698386355,1
938863,2025-12-11,14808,store,US,3,31.866709317406297,0.28252731039601775,0
938864,2025-12-11,46791,partner,US,2,19.07858321179913,0.04244414088340004,0
938865,2025-12-11,33660,web,US,1,7.431144975875959,0.3250059610621646,0
938866,2025-12-11,1031,mobile,US,3,29.255978889048603,0.2383679667207069,0
938867,2025-12-11,7158,web,US,6,22.113959039105776,0.11462084372266705,0
938868,2025-12-11,9442,web,GB,4,57.839533605673736,0.0386624909744918,0
938869,2025-12-11,3600,mobile,US,2,12.775389392355054,0.2561229072085098,0
938870,2025-12-11,18209,partner,US,4,12.480464405263,0.15919555348639375,0
938871,2025-12-11,36569,partner,US,3,42.18194813414688,0.15358744432216745,1
938872,2025-12-11,44902,mobile,US,2,33.11741359576419,0.12789711880652802,0
938873,2025-12-11,14840,web,US,2,49.54733096830685,0.35539304905927843,0
938874,2025-12-11,20424,web,US,2,17.434922695293487,0.2130212946602719,0
938875,2025-12-11,11426,mobile,DE,2,14.340447612687916,0.13678127736655912,0
938876,2025-12-11,36872,mobile,US,3,38.01679803383604,0.07918770969260087,0
938877,2025-12-11,30058,mobile,US,1,19.5798515661383,0.06651128393322724,0
938878,2025-12-11,6141,web,US,3,30.62847486937103,0.13844975364272982,0
938879,2025-12-11,10130,web,GB,3,29.12192885119759,0.3998414165007691,0
938880,2025-12-11,25017,web,US,3,11.019787152551496,0.2747104716499146,0
938881,2025-12-11,48105,mobile,US,4,25.114422762074383,0.3685039899028356,0
938882,2025-12-11,12468,mobile,US,4,7.163979548778299,0.15100343920558204,0
938883,2025-12-11,43626,partner,GB,2,102.42063127587028,0.6050882026757999,0
938884,2025-12-11,4815,mobile,US,3,12.831759244598805,0.16080889559703676,0
938885,2025-12-11,32329,store,US,2,25.322264101874374,0.15721961370922694,0
938886,2025-12-11,43677,web,DE,3,27.051853617539823,0.09471595786565168,0
938887,2025-12-11,32132,mobile,CA,4,53.072855554154856,0.3614039246654412,0
938888,2025-12-11,2802,partner,US,5,39.13004217978023,0.4656349071955039,0
938889,2025-12-11,29572,mobile,US,2,34.03088746627584,0.289944988761758,0
938890,2025-12-11,12998,mobile,GB,1,12.341620720259945,0.10662431862062635,0
938891,2025-12-11,14182,web,US,2,22.729101594395193,0.1363497863227223,0
938892,2025-12-11,37606,mobile,US,2,33.71926695532627,0.2285590471165347,0
938893,2025-12-11,28567,partner,CA,2,10.243080333535271,0.11684172203732794,0
938894,2025-12-11,48912,web,US,2,25.30539122845212,0.10818324045520147,0
938895,2025-12-11,26462,web,US,6,13.611578044417733,0.13750393283906134,0
938896,2025-12-11,17960,mobile,US,3,26.84992134030884,0.17771411810197962,0
938897,2025-12-11,5453,web,CA,4,25.201145676413315,0.41318948296186053,0
938898,2025-12-11,41622,mobile,GB,3,111.16298805385917,0.20894214964219304,0
938899,2025-12-11,33220,web,US,2,7.056253816231221,0.020992989497352767,0
938900,2025-12-11,23623,mobile,GB,8,36.65645484736894,0.2411901736440134,0
938901,2025-12-11,15354,mobile,US,4,27.85814622457531,0.17620968299162298,0
938902,2025-12-11,21181,web,US,1,45.93609445618378,0.2997236112615437,0
938903,2025-12-11,12731,mobile,AU,5,14.00612658309459,0.07114470206298354,0
938904,2025-12-11,9928,web,US,4,6.649027254592554,0.12932391010327549,0
938905,2025-12-11,28891,mobile,GB,1,26.03305916702095,0.06286720580915758,0
938906,2025-12-11,27384,web,CA,6,16.999934013367643,0.1440217450459044,1
938907,2025-12-11,26928,web,US,3,52.261306094533154,0.17371498970944652,0
938908,2025-12-11,37084,mobile,US,2,15.141114051853945,0.14704074272271037,0
938909,2025-12-11,24444,store,AU,3,51.5076406438569,0.43518223935601985,0
938910,2025-12-11,9526,web,US,4,9.407561788904468,0.35386682018308935,0
938911,2025-12-11,6317,store,US,5,63.27543051496385,0.23558979212901396,0
938912,2025-12-11,5813,web,US,2,9.109120879151996,0.18191110245885328,0
938913,2025-12-11,40684,mobile,US,1,36.68823800961274,0.1800262909422661,0
938914,2025-12-11,3648,partner,US,4,26.768155887042433,0.15142433470968475,0
938915,2025-12-11,21684,mobile,US,3,36.049838535124174,0.0397779547365537,0
938916,2025-12-11,4485,web,CA,4,20.518614848180583,0.09736784652898987,0
938917,2025-12-11,27774,mobile,CA,1,32.884262452584615,0.1508572223477711,1
938918,2025-12-11,17005,partner,GB,6,13.285553333482776,0.045730940565949736,0
938919,2025-12-11,9981,web,US,5,11.555219789399299,0.19811427463618844,0
938920,2025-12-11,14540,web,US,3,34.36980976044791,0.029387561739399146,0
938921,2025-12-11,41518,mobile,CA,3,18.647142748926537,0.038984518750332486,0
938922,2025-12-11,8514,partner,AU,2,49.81328600752364,0.19636315307902022,0
938923,2025-12-11,36086,mobile,US,3,11.893779211956367,0.1852862038303,0
938924,2025-12-11,15536,web,CA,3,18.14673361813402,0.09083733011074577,0
938925,2025-12-11,14581,mobile,US,5,30.782225201717893,0.1864234704990336,0
938926,2025-12-11,9978,store,US,3,46.26900174605963,0.326215301549411,0
938927,2025-12-11,18575,web,AU,3,42.530795887833726,0.125808606079811,0
938928,2025-12-11,23823,web,CA,2,56.32927955513209,0.04547437275286359,0
938929,2025-12-11,3609,web,US,3,24.16171876254831,0.16839025971294447,0
938930,2025-12-11,46469,mobile,US,4,10.29861101273802,0.4056060518408335,0
938931,2025-12-11,26205,web,US,5,54.761597794756085,0.20023026035674468,0
938932,2025-12-11,3064,mobile,CA,1,19.702985134850127,0.08899337686033679,0
938933,2025-12-11,23995,store,DE,5,15.0561321801607,0.2719846193170306,0
938934,2025-12-11,13203,web,US,6,8.268591127603136,0.29040095286925516,0
938935,2025-12-11,13352,mobile,US,4,45.480478259825446,0.13529627594540125,0
938936,2025-12-11,5128,mobile,US,2,28.76386948895188,0.43464511611426204,0
938937,2025-12-11,24572,partner,US,4,10.776536578083967,0.028177492982297478,0
938938,2025-12-11,37135,partner,US,4,68.96838199159167,0.09470017202893014,0
938939,2025-12-11,38312,mobile,US,3,18.198801547250927,0.3409609203965889,0
938940,2025-12-11,37633,mobile,DE,6,19.06661770933495,0.31083290609132236,0
938941,2025-12-11,559,web,US,6,22.762682296814535,0.08713939265134335,0
938942,2025-12-11,32336,web,US,4,11.556750499300971,0.4170979186936221,1
938943,2025-12-11,15608,mobile,US,1,21.3436353086141,0.045078015586790816,0
938944,2025-12-11,45762,mobile,US,1,15.825854666757456,0.19041229742182345,0
938945,2025-12-11,2847,mobile,AU,3,20.86610537102264,0.5367932625599454,0
938946,2025-12-11,22933,mobile,US,3,29.261790483619794,0.13258199225853642,0
938947,2025-12-11,5830,mobile,CA,2,27.531567670123074,0.17344982355763292,0
938948,2025-12-11,9618,web,CA,6,13.934444438839591,0.24377822823612638,0
938949,2025-12-11,39917,web,CA,2,20.67643346547236,0.3015539730214923,0
938950,2025-12-11,48089,web,CA,5,40.81842206197237,0.08547781198615066,0
938951,2025-12-11,33682,web,US,5,28.371311846784614,0.032233553073776795,0
938952,2025-12-11,19484,partner,US,5,23.376451860858133,0.3462414531303553,0
938953,2025-12-11,46926,mobile,US,4,11.60760417723739,0.09912384036097138,0
938954,2025-12-11,7537,mobile,GB,6,33.25220789166325,0.1695494186732381,0
938955,2025-12-11,6423,mobile,CA,5,31.716481922550592,0.1769825187679545,0
938956,2025-12-11,29793,mobile,DE,3,21.468112257865062,0.1778395089685221,0
938957,2025-12-11,12989,web,US,2,58.56999138392177,0.05161137289953814,0
938958,2025-12-11,2830,store,GB,4,35.023772200778346,0.28106787067749345,0
938959,2025-12-11,47273,mobile,AU,3,37.483393952418396,0.31483118304741015,0
938960,2025-12-11,46287,web,US,4,9.046415286134202,0.14672054415693278,0
938961,2025-12-11,34538,partner,US,4,48.48344391407547,0.177698228872529,1
938962,2025-12-11,14502,web,US,5,16.72187679109652,0.051145203671052145,0
938963,2025-12-11,9881,web,AU,4,33.60279121514427,0.28863699717930846,0
938964,2025-12-11,37440,partner,US,4,40.66598381732819,0.19784972261576256,0
938965,2025-12-11,15564,web,GB,4,22.07394382352819,0.10552915383807619,0
938966,2025-12-11,47188,web,AU,5,17.821510717769296,0.1542452153944646,0
938967,2025-12-11,36482,web,US,2,19.79647289165893,0.17193028465956292,0
938968,2025-12-11,18990,mobile,US,4,48.556732183095846,0.08901952192879402,0
938969,2025-12-11,19263,web,US,5,11.489385253013968,0.291919038465283,0
938970,2025-12-11,19035,mobile,DE,3,6.046964912547913,0.02654798448954879,0
938971,2025-12-11,30597,web,US,4,42.67356220010645,0.06590595508889482,0
938972,2025-12-11,22431,mobile,US,5,12.516772277795026,0.28528102984048903,0
938973,2025-12-11,42618,partner,US,3,23.045056274638757,0.1659056726258823,0
938974,2025-12-11,27611,web,US,5,26.661729767465314,0.0054360038693817255,0
938975,2025-12-11,33417,mobile,CA,3,43.26453251763267,0.17712974235177972,0
938976,2025-12-11,49622,mobile,US,3,26.485171044372244,0.18692146917875788,0
938977,2025-12-11,22347,mobile,US,3,17.166264575374594,0.1481989019573432,0
938978,2025-12-11,14995,web,US,4,47.84148602613601,0.10040926768576632,0
938979,2025-12-11,5070,web,DE,5,27.748658327324257,0.046654637921244344,0
938980,2025-12-11,24633,mobile,AU,5,22.93631277770289,0.03667826487478956,0
938981,2025-12-11,37931,web,CA,6,8.389299608674962,0.23377037150072633,0
938982,2025-12-11,49906,web,US,1,27.597420199012472,0.06695753507788842,0
938983,2025-12-11,10030,mobile,US,4,42.34946277315741,0.32036928460519243,0
